00:06:00   64.9087  116.1922  -999.00 -999.000 -999.000 -999.000 -999.000
00:08:00   62.9061   99.6636   112.63   63.975   98.644   61.830  100.611
00:10:00   59.1705   86.1341   125.44   60.108   84.785   58.219   87.411
00:12:00   54.2396   75.7360   135.05   55.048   74.309   53.415   77.108
00:14:00   48.5368   67.8135   142.09   49.235   66.424   47.822   69.165
00:16:00   42.3380   61.6562   147.26   42.949   60.342   41.712   62.945
00:18:00   35.8142   56.7176   151.07   36.358   55.482   35.258   57.936
01:40:00   63.6526  127.3721  -999.00 -999.000 -999.000 -999.000 -999.000
01:42:00   60.3387  112.9446   122.26   61.314  111.654   59.352  114.160
01:44:00   55.6877  101.7360   132.69   56.530  100.314   54.830  103.098
01:46:00   50.1641   93.2083   140.37   50.890   91.802   49.421   94.572
01:48:00   44.0810   86.6277   145.99   44.714   85.292   43.433   87.935
01:50:00   37.6338   81.3983   150.13   38.194   80.142   37.060   82.636
01:52:00   30.9440   77.0960   153.18   31.449   75.911   30.428   78.268
01:54:00   24.0900   73.4261   155.41   24.554   72.301   23.617   74.543
03:14:00   61.4065  140.0048  -999.00 -999.000 -999.000 -999.000 -999.000
03:16:00   57.0708  127.9394   130.13   57.948  126.533   56.178  129.280
03:18:00   51.7497  118.7494   138.49   52.505  117.331   50.977  120.121
03:20:00   45.7970  111.7005   144.61   46.453  110.343   45.125  113.026
03:22:00   39.4354  106.1485   149.11   40.014  104.870   38.843  107.405
03:24:00   32.8030  101.6251   152.44   33.322  100.422   32.273  102.814
03:26:00   25.9880   97.8050   154.87   26.462   96.665   25.505   98.936
03:28:00   19.0493   94.4599   156.60   19.492   93.368   18.601   95.546
04:50:00   53.2883  144.4516  -999.00 -999.000 -999.000 -999.000 -999.000
04:52:00   47.4824  136.8853   143.11   48.164  135.508   46.785  138.227
04:54:00   41.2167  130.9755   148.01   41.815  129.675   40.604  132.252
04:56:00   34.6484  126.2068   151.62   35.182  124.984   34.103  127.414
04:58:00   27.8768  122.2194   154.28   28.362  121.063   27.382  123.365
05:00:00   20.9673  118.7624   156.19   21.417  117.659   20.510  119.859
06:26:00   42.9754  155.8879  -999.00 -999.000 -999.000 -999.000 -999.000
06:28:00   36.4785  150.8470   150.73   37.028  149.604   35.916  152.073
06:30:00   29.7552  146.6736   153.63   30.252  145.500   29.248  147.835
15:12:00   15.9931   75.7522  -999.00 -999.000 -999.000 -999.000 -999.000
15:14:00   22.9781   72.5559    23.91   23.427   73.668   22.522   71.451
15:16:00   29.8588   68.9628    25.91   30.344   70.134   29.363   67.803
15:18:00   36.5846   64.7745    28.71   37.121   66.018   36.035   63.548
15:20:00   43.0814   59.7127    32.57   43.687   61.039   42.461   58.412
15:22:00   49.2363   53.3762    37.85   49.931   54.781   48.525   52.011
16:46:00   21.0656   96.8871  -999.00 -999.000 -999.000 -999.000 -999.000
16:48:00   27.9793   93.4203    25.28   28.453   94.574   27.496   92.277
16:50:00   34.7541   89.4192    27.85   35.275   90.642   34.221   88.212
16:52:00   41.3230   84.6316    31.39   41.908   85.935   40.724   83.352
16:54:00   47.5863   78.6947    36.23   48.254   80.080   46.902   77.345
16:56:00   53.3853   71.0899    42.87   54.159   72.530   52.595   69.702
16:58:00   58.4635   61.1262    51.98   59.367   62.523   57.546   59.799
18:18:00   19.1461  121.1918  -999.00 -999.000 -999.000 -999.000 -999.000
18:20:00   26.0898  117.8376    24.72   26.553  118.975   25.617  116.710
18:22:00   32.9080  114.0052    27.06   33.415  115.207   32.390  112.817
18:24:00   39.5417  109.4646    30.30   40.107  110.745   38.963  108.205
18:26:00   45.9018  103.8881    34.75   46.544  105.252   45.243  102.556
18:28:00   51.8493   96.8038    40.83   52.592   98.234   51.090   95.420
18:30:00   57.1586   87.5650    49.18   58.024   88.990   56.278   86.206
18:32:00   61.4735   75.4382    60.52   62.477   76.673   60.460   74.281
19:52:00   24.1905  142.2192  -999.00 -999.000 -999.000 -999.000 -999.000
19:54:00   31.0482  138.5382    26.33   31.542  139.721   30.544  137.368
19:56:00   37.7399  134.2201    29.30   38.287  135.478   37.179  132.981
19:58:00   44.1869  128.9682    33.38   44.806  130.310   43.552  127.655
20:00:00   50.2656  122.3559    38.96   50.978  123.772   49.536  120.982
20:02:00   55.7795  113.7835    46.62   56.609  115.222   54.934  112.405
20:04:00   60.4127  102.5154    57.07   61.378  103.829   59.435  101.278
20:06:00   63.6976   88.0261    70.83   64.792   88.921   62.598   87.198
21:30:00   42.4442  153.9468  -999.00 -999.000 -999.000 -999.000 -999.000
21:32:00   48.6399  147.7607    37.25   49.324  149.159   47.939  146.400
21:34:00   54.3350  139.7969    44.27   55.130  141.239   53.523  138.410
21:36:00   59.2503  129.3435    53.88   60.178  130.715   58.309  128.045
21:38:00   62.9602  115.7508    66.71   64.022  116.798   61.891  114.777
21:40:00   64.9262   99.1765    82.76   66.079   99.538   63.772   98.845
21:42:00   64.7395   81.4518    99.19   65.887   80.997   63.591   81.870
23:12:00   64.5891  127.3786  -999.00 -999.000 -999.000 -999.000 -999.000
23:14:00   65.0129  109.6981    85.70   66.173  109.914   63.853  109.500
23:16:00   63.2637   92.8836   110.79   64.347   91.931   62.174   93.767
23:18:00   59.7152   78.9426   124.02   60.670   77.618   58.748   80.194
23:20:00   54.9076   68.1806   134.00   55.731   66.755   54.068   69.549
23:22:00   49.2839   59.9891   141.32   49.995   58.592   48.557   61.346
23:24:00   43.1362   53.6442   146.69   43.757   52.320   42.500   54.941
00:48:00   63.9463  120.6937  -999.00 -999.000 -999.000 -999.000 -999.000
00:50:00   60.8390  105.8660   120.72   61.831  104.610   59.836  107.046
00:52:00   56.3272   94.2716   131.55   57.185   92.855   55.454   95.625
00:54:00   50.8928   85.4489   139.53   51.632   84.037   50.137   86.816
00:56:00   44.8672   78.6605   145.37   45.511   77.315   44.208   79.976
00:58:00   38.4578   73.2881   149.68   39.026   72.022   37.876   74.534
01:00:00   31.7934   68.8878   152.85   32.305   67.695   31.271   70.067
02:22:00   61.8571  133.0414  -999.00 -999.000 -999.000 -999.000 -999.000
02:24:00   57.6778  120.5731   128.89   58.572  119.179   56.769  121.900
02:26:00   52.4577  111.0616   137.58   53.228  109.639   51.671  112.435
02:28:00   46.5697  103.7830   143.94   47.237  102.416   45.886  105.116
02:30:00   40.2504   98.0723   148.62   40.838   96.784   39.649   99.338
02:32:00   33.6464   93.4402   152.07   34.172   92.228   33.109   94.637
02:34:00   26.8505   89.5460   154.61   27.330   88.399   26.362   90.684
02:36:00   19.9247   86.1514   156.42   20.370   85.054   19.472   87.242
03:56:00   58.9506  147.1005  -999.00 -999.000 -999.000 -999.000 -999.000
03:58:00   53.9729  136.8426   135.45   54.775  135.415   53.155  138.215
04:00:00   48.2401  129.0230   142.38   48.933  127.637   47.530  130.372
04:02:00   42.0218  122.9372   147.47   42.629  121.627   41.400  124.222
04:04:00   35.4850  118.0479   151.23   36.026  116.816   34.932  119.263
04:06:00   28.7347  113.9780   153.99   29.225  112.814   28.234  115.131
04:08:00   21.8397  110.4655   155.98   22.293  109.356   21.379  111.568
05:32:00   49.8743  154.3930  -999.00 -999.000 -999.000 -999.000 -999.000
05:34:00   43.7694  147.8917   146.22   44.398  146.560   43.125  149.196
05:36:00   37.3078  142.7169   150.31   37.865  141.464   36.737  143.951
05:38:00   30.6081  138.4518   153.31   31.111  137.271   30.095  139.621
05:40:00   23.7474  134.8073   155.50   24.210  133.684   23.277  135.922
05:42:00   16.7783  131.5782   157.03   17.212  130.499   16.339  132.653
14:26:00   35.7520   56.6328  -999.00 -999.000 -999.000 -999.000 -999.000
14:28:00   42.2826   51.6996    32.02   42.878   53.016   41.672   50.408
15:54:00   20.1915   88.5855  -999.00 -999.000 -999.000 -999.000 -999.000
15:56:00   27.1192   85.1718    25.02   27.589   86.318   26.641   84.036
15:58:00   33.9141   81.2500    27.48   34.429   82.463   33.388   80.051
16:00:00   40.5135   76.5782    30.88   41.089   77.871   39.924   75.307
16:02:00   46.8223   70.8103    35.54   47.478   72.186   46.150   69.468
16:04:00   52.6913   63.4490    41.92   53.451   64.885   51.915   62.062
17:26:00   18.2692  112.8793  -999.00 -999.000 -999.000 -999.000 -999.000
17:28:00   25.2251  109.5723    24.48   25.684  110.702   24.757  108.451
17:30:00   32.0618  105.8110    26.72   32.562  107.004   31.550  104.631
17:32:00   38.7226  101.3748    29.84   39.280  102.645   38.152  100.124
17:34:00   45.1236   95.9504    34.11   45.755   97.304   44.476   94.627
17:36:00   51.1327   89.0875    39.96   51.861   90.512   50.387   87.708
17:38:00   56.5384   80.1598    47.99   57.388   81.593   55.673   78.790
17:40:00   61.0029   68.4300    58.91   61.989   69.704   60.005   67.233
19:00:00   23.3219  133.9389  -999.00 -999.000 -999.000 -999.000 -999.000
19:02:00   30.1962  130.3216    26.02   30.684  131.496   29.698  129.159
19:04:00   36.9127  126.0973    28.88   37.453  127.345   36.360  124.867
19:06:00   43.3955  120.9831    32.80   44.005  122.314   42.771  119.679
19:08:00   49.5292  114.5706    38.16   50.229  115.979   48.813  113.202
19:10:00   55.1283  106.2830    45.52   55.942  107.725   54.298  104.900
19:12:00   59.8945   95.3926    55.58   60.843   96.735   58.934   94.125
19:14:00   63.3785   81.3098    68.92   64.459   82.278   62.292   80.412
20:36:00   35.0849  150.7534  -999.00 -999.000 -999.000 -999.000 -999.000
20:38:00   41.6413  145.9186    31.59   42.230  147.226   41.039  144.635
20:40:00   47.8859  139.9129    36.51   48.558  141.302   47.197  138.560
20:42:00   53.6564  132.2085    43.26   54.436  133.649   52.860  130.821
20:44:00   58.6896  122.1090    52.50   59.599  123.500   57.765  120.790
20:46:00   62.5792  108.9287    64.92   63.626  110.036   61.524  107.897
20:48:00   64.7927   92.6655    80.58   65.939   93.132   63.645   92.237
22:14:00   52.1294  157.9536  -999.00 -999.000 -999.000 -999.000 -999.000
22:16:00   57.3991  148.5889    49.67   58.272  150.010   56.511  147.234
22:18:00   61.6527  136.3038    61.16   62.663  137.521   60.632  135.164
22:20:00   64.3818  120.8063    75.99   65.508  121.485   63.253  120.181
22:22:00   65.0821  103.2189    88.42   66.245  103.299   63.919  103.146
22:24:00   63.5928   86.1515   108.89   64.690   85.271   62.490   86.967
22:26:00   60.2403   71.8021   122.55   61.212   70.506   59.256   73.023
22:28:00   55.5631   60.6660   132.91   56.402   59.243   54.708   62.029
22:30:00   50.0229   52.1937   140.52   50.746   50.789   49.283   53.556
22:32:00   43.9291   45.6521   146.10   44.560   44.318   43.283   46.958
23:56:00   64.2092  114.0577  -999.00 -999.000 -999.000 -999.000 -999.000
23:58:00   61.3171   98.8396   119.13   62.326   97.623   60.298   99.980
23:59:00   59.2846   92.4467   125.42   60.223   91.093   58.333   93.727
00:00:00   56.9523   86.8511  -999.00 -999.000 -999.000 -999.000 -999.000
00:02:00   51.6124   77.7214   138.66   52.365   76.304   50.843   79.092
00:04:00   45.6475   70.7154   144.74   46.302   69.360   44.978   72.039
00:06:00   39.2779   65.1930   149.21   39.855   63.917   38.687   66.448
00:08:00   32.6401   60.6899   152.50   33.158   59.489   32.111   61.877
01:30:00   62.2832  126.1301  -999.00 -999.000 -999.000 -999.000 -999.000
01:32:00   58.2686  113.2539   127.60   59.179  111.874   57.344  114.564
01:34:00   53.1554  103.4089   136.63   53.940  101.983   52.355  104.783
01:36:00   47.3358   95.8900   143.25   48.015   94.514   46.641   97.230
01:38:00   41.0611   90.0130   148.11   41.657   88.715   40.451   91.287
01:40:00   34.4868   85.2668   151.70   35.019   84.046   33.942   86.472
01:42:00   27.7110   81.2948   154.33   28.195   80.140   27.217   82.439
01:44:00   20.7987   77.8480   156.22   21.248   76.746   20.343   78.944
01:46:00   13.7957   74.7470   157.51   14.221   73.682   13.366   75.808
03:04:00   59.5027  139.8889  -999.00 -999.000 -999.000 -999.000 -999.000
03:06:00   54.6458  129.2719   134.42   55.463  127.845   53.813  130.642
03:08:00   48.9902  121.1876   141.63   49.696  119.793   48.268  122.542
03:10:00   42.8220  114.9176   146.92   43.439  113.597   42.190  116.211
03:12:00   36.3184  109.9017   150.82   36.867  108.660   35.758  111.125
03:14:00   29.5904  105.7453   153.69   30.086  104.574   29.084  106.905
03:16:00   22.7105  102.1743   155.77   23.168  101.059   22.245  103.282
04:40:00   50.6066  146.6215  -999.00 -999.000 -999.000 -999.000 -999.000
04:42:00   44.5579  139.9162   145.62   45.197  138.574   43.903  141.229
04:44:00   38.1333  134.6009   149.86   38.699  133.339   37.555  135.844
04:46:00   31.4585  130.2396   152.98   31.967  129.050   30.939  131.416
04:48:00   24.6146  126.5298   155.26   25.082  125.401   24.139  127.651
04:50:00   17.6566  123.2578   156.87   18.094  122.174   17.214  124.336
06:16:00   39.9294  159.3714  -999.00 -999.000 -999.000 -999.000 -999.000
13:36:00   41.4789   43.6674  -999.00 -999.000 -999.000 -999.000 -999.000
15:02:00   19.3163   80.2787  -999.00 -999.000 -999.000 -999.000 -999.000
15:04:00   26.2569   76.9154    24.76   26.722   78.054   25.783   75.786
15:06:00   33.0715   73.0689    27.12   33.580   74.273   32.552   71.879
15:08:00   39.6995   68.5077    30.39   40.267   69.790   39.119   67.246
15:10:00   46.0516   62.9009    34.87   46.696   64.267   45.391   61.567
15:12:00   51.9863   55.7733    41.00   52.731   57.205   51.224   54.389
16:34:00   17.3915  104.5620  -999.00 -999.000 -999.000 -999.000 -999.000
16:36:00   24.3587  101.2999    24.25   24.814  102.423   23.895  100.185
16:38:00   31.2129   97.6063    26.39   31.708   98.791   30.707   96.434
16:40:00   37.8995   93.2697    29.39   38.449   94.530   37.337   92.028
16:42:00   44.3391   87.9906    33.50   44.960   89.334   43.702   86.675
16:44:00   50.4067   81.3388    39.12   51.122   82.757   49.675   79.964
16:46:00   55.9035   72.7103    46.84   56.736   74.149   55.055   71.333
18:06:00   15.4609  128.8248  -999.00 -999.000 -999.000 -999.000 -999.000
18:08:00   22.4518  125.6522    23.78   22.898  126.761   21.998  124.550
18:10:00   29.3417  122.0955    25.73   29.824  123.262   28.849  120.940
18:12:00   36.0814  117.9609    28.47   36.614  119.199   35.536  116.739
18:14:00   42.5987  112.9777    32.24   43.198  114.298   41.984  111.683
18:16:00   48.7845  106.7560    37.39   49.472  108.156   48.081  105.394
18:18:00   54.4642   98.7415    44.46   55.262  100.184   53.649   97.355
18:20:00   59.3562   88.2183    54.15   60.287   89.585   58.412   86.925
18:22:00   63.0304   74.5465    67.07   64.096   75.582   61.958   73.584
19:44:00   34.2464  142.5888  -999.00 -999.000 -999.000 -999.000 -999.000
19:46:00   40.8337  137.8721    31.08   41.413  139.169   40.240  136.597
19:48:00   47.1246  132.0386    35.81   47.785  133.419   46.448  130.693
19:50:00   52.9665  124.5825    42.29   53.732  126.020   52.184  123.195
19:52:00   58.1110  114.8253    51.18   59.004  116.232   57.204  113.488
19:54:00   62.1717  102.0557    63.17   63.202  103.217   61.132  100.972
19:56:00   64.6251   86.1294    78.46   65.763   86.696   63.485   85.609
21:20:00   45.4317  157.1992  -999.00 -999.000 -999.000 -999.000 -999.000
21:22:00   51.4166  150.2504    40.30   52.151  151.678   50.666  148.869
21:24:00   56.7848  141.2016    48.45   57.641  142.632   55.913  139.836
21:26:00   61.1912  129.3164    59.54   62.184  130.575   60.187  128.135
21:28:00   64.1422  114.1985    73.96   65.257  114.966   63.024  113.491
21:30:00   65.1162   96.7486    90.00   66.279   96.749   63.953   96.749
21:32:00   63.8922   79.4648   106.95   65.002   78.663   62.778   80.206
23:02:00   65.0671  125.0755  -999.00 -999.000 -999.000 -999.000 -999.000
23:04:00   64.4401  107.4587   102.53   65.574  106.849   63.304  108.020
23:06:00   61.7723   91.8661   117.49   62.798   90.694   60.737   92.963
23:08:00   57.5623   79.4760   129.13   58.453   78.079   56.657   80.806
23:10:00   52.3224   70.0273   137.76   53.089   68.605   51.539   71.400
23:12:00   46.4213   62.7933   144.07   47.087   61.428   45.740   64.125
23:14:00   40.0937   57.1137   148.72   40.679   55.828   39.494   58.378
